{
  "wildchat": {
    "months": [
      "2023-04",
      "2023-05",
      "2023-06",
      "2023-07",
      "2023-08",
      "2023-09",
      "2023-10",
      "2023-11",
      "2023-12",
      "2024-01",
      "2024-02",
      "2024-03",
      "2024-04"
    ],
    "topics": [
      "Image Gen.",
      "Coding",
      "Creative Writing",
      "Education",
      "Knowledge QA",
      "Entertainment",
      "Business",
      "Other"
    ],
    "proportions": [
      [
        0.01195219123505976,
        0.2051792828685259,
        0.07768924302788845,
        0.06374501992031872,
        0.06374501992031872,
        0.055776892430278883,
        0.03187250996015936,
        0.4900398406374502
      ],
      [
        0.006211180124223602,
        0.2650103519668737,
        0.07246376811594203,
        0.06314699792960662,
        0.06521739130434782,
        0.047619047619047616,
        0.037267080745341616,
        0.44306418219461696
      ],
      [
        0.006349206349206349,
        0.16296296296296298,
        0.1343915343915344,
        0.07513227513227513,
        0.06349206349206349,
        0.056084656084656084,
        0.037037037037037035,
        0.46455026455026455
      ],
      [
        0.17359413202933985,
        0.17237163814180928,
        0.14792176039119803,
        0.03178484107579462,
        0.0550122249388753,
        0.02689486552567237,
        0.02689486552567237,
        0.36552567237163813
      ],
      [
        0.24892703862660945,
        0.1402002861230329,
        0.15736766809728184,
        0.02575107296137339,
        0.045779685264663805,
        0.030042918454935622,
        0.02861230329041488,
        0.32331902718168815
      ],
      [
        0.21273031825795644,
        0.10050251256281408,
        0.09212730318257957,
        0.06030150753768844,
        0.06197654941373534,
        0.038525963149078725,
        0.048576214405360134,
        0.3852596314907873
      ],
      [
        0.17177914110429449,
        0.09662576687116564,
        0.09049079754601227,
        0.05368098159509203,
        0.046012269938650305,
        0.018404907975460124,
        0.032208588957055216,
        0.49079754601226994
      ],
      [
        0.18875,
        0.135,
        0.04625,
        0.105,
        0.055,
        0.03125,
        0.05,
        0.38875
      ],
      [
        0.24731182795698925,
        0.1259600614439324,
        0.05683563748079877,
        0.11213517665130568,
        0.055299539170506916,
        0.03225806451612903,
        0.041474654377880185,
        0.32872503840245776
      ],
      [
        0.2718204488778055,
        0.10473815461346633,
        0.07481296758104738,
        0.14214463840399003,
        0.02493765586034913,
        0.0399002493765586,
        0.032418952618453865,
        0.3092269326683292
      ],
      [
        0.29411764705882354,
        0.10420168067226891,
        0.11932773109243698,
        0.06386554621848739,
        0.02689075630252101,
        0.023529411764705882,
        0.018487394957983194,
        0.3495798319327731
      ],
      [
        0.3268398268398268,
        0.13095238095238096,
        0.07034632034632035,
        0.06060606060606061,
        0.04004329004329004,
        0.027056277056277056,
        0.03354978354978355,
        0.3106060606060606
      ],
      [
        0.3345323741007194,
        0.14268585131894485,
        0.08633093525179857,
        0.0671462829736211,
        0.0407673860911271,
        0.016786570743405275,
        0.013189448441247002,
        0.29856115107913667
      ]
    ],
    "jsd": [
      0.003278321493903698,
      0.011415412668361753,
      0.05951854936337187,
      0.005352167717670954,
      0.013772238361445772,
      0.007641426861607027,
      0.014642254932276857,
      0.003841330730583301,
      0.005856162113575435,
      0.013091287898711872,
      0.00680653379424215,
      0.003601904767603475
    ]
  },
  "google_trends": {
    "months": [
      "2022-01",
      "2022-02",
      "2022-03",
      "2022-04",
      "2022-05",
      "2022-06",
      "2022-07",
      "2022-08",
      "2022-09",
      "2022-10",
      "2022-11",
      "2022-12",
      "2023-01",
      "2023-02",
      "2023-03",
      "2023-04",
      "2023-05",
      "2023-06",
      "2023-07",
      "2023-08",
      "2023-09",
      "2023-10",
      "2023-11",
      "2023-12",
      "2024-01",
      "2024-02",
      "2024-03",
      "2024-04",
      "2024-05",
      "2024-06",
      "2024-07",
      "2024-08",
      "2024-09",
      "2024-10",
      "2024-11",
      "2024-12",
      "2025-01",
      "2025-02",
      "2025-03",
      "2025-04",
      "2025-05",
      "2025-06",
      "2025-07",
      "2025-08",
      "2025-09",
      "2025-10",
      "2025-11",
      "2025-12",
      "2026-01",
      "2026-02",
      "2026-03"
    ],
    "topics": [
      "AI chatbot",
      "AI coding",
      "AI healthcare",
      "AI education",
      "AI agent"
    ],
    "proportions": [
      [
        0.4285714285714286,
        0.0,
        0.5714285714285715,
        0.0,
        0.0
      ],
      [
        0.4444444444444444,
        0.0,
        0.4444444444444444,
        0.0,
        0.1111111111111111
      ],
      [
        0.4444444444444444,
        0.0,
        0.4444444444444444,
        0.0,
        0.1111111111111111
      ],
      [
        0.36363636363636365,
        0.0,
        0.36363636363636365,
        0.0,
        0.2727272727272727
      ],
      [
        0.5555555555555556,
        0.0,
        0.4444444444444445,
        0.0,
        0.0
      ],
      [
        0.5454545454545454,
        0.0,
        0.36363636363636365,
        0.0,
        0.09090909090909091
      ],
      [
        0.5555555555555556,
        0.0,
        0.4444444444444445,
        0.0,
        0.0
      ],
      [
        0.5714285714285714,
        0.0,
        0.42857142857142855,
        0.0,
        0.0
      ],
      [
        0.4444444444444444,
        0.0,
        0.4444444444444444,
        0.1111111111111111,
        0.0
      ],
      [
        0.3846153846153846,
        0.0,
        0.3846153846153846,
        0.23076923076923075,
        0.0
      ],
      [
        0.3333333333333333,
        0.0,
        0.26666666666666666,
        0.2,
        0.2
      ],
      [
        0.6756756756756757,
        0.10810810810810811,
        0.08108108108108109,
        0.08108108108108109,
        0.05405405405405406
      ],
      [
        0.6603773584905661,
        0.09433962264150944,
        0.09433962264150944,
        0.09433962264150944,
        0.05660377358490566
      ],
      [
        0.7419354838709677,
        0.06451612903225806,
        0.06451612903225806,
        0.06451612903225806,
        0.06451612903225806
      ],
      [
        0.6923076923076923,
        0.07692307692307693,
        0.07692307692307693,
        0.07692307692307693,
        0.07692307692307693
      ],
      [
        0.6923076923076924,
        0.06410256410256411,
        0.06410256410256411,
        0.10256410256410257,
        0.07692307692307693
      ],
      [
        0.6379310344827587,
        0.08620689655172414,
        0.06896551724137931,
        0.13793103448275862,
        0.06896551724137931
      ],
      [
        0.5961538461538461,
        0.09615384615384616,
        0.07692307692307693,
        0.15384615384615385,
        0.07692307692307693
      ],
      [
        0.5735294117647058,
        0.10294117647058823,
        0.10294117647058823,
        0.14705882352941177,
        0.07352941176470588
      ],
      [
        0.5531914893617021,
        0.10638297872340426,
        0.0851063829787234,
        0.1702127659574468,
        0.0851063829787234
      ],
      [
        0.4915254237288136,
        0.1016949152542373,
        0.13559322033898305,
        0.2033898305084746,
        0.06779661016949153
      ],
      [
        0.49350649350649345,
        0.11688311688311688,
        0.12987012987012986,
        0.19480519480519481,
        0.06493506493506493
      ],
      [
        0.5,
        0.125,
        0.125,
        0.1875,
        0.0625
      ],
      [
        0.5147058823529411,
        0.1323529411764706,
        0.11764705882352941,
        0.16176470588235295,
        0.07352941176470587
      ],
      [
        0.45901639344262296,
        0.13114754098360656,
        0.13114754098360656,
        0.21311475409836064,
        0.06557377049180328
      ],
      [
        0.44285714285714284,
        0.11428571428571428,
        0.11428571428571428,
        0.22857142857142856,
        0.1
      ],
      [
        0.4193548387096774,
        0.15053763440860213,
        0.12903225806451613,
        0.2043010752688172,
        0.0967741935483871
      ],
      [
        0.42857142857142855,
        0.14285714285714285,
        0.11688311688311688,
        0.2077922077922078,
        0.1038961038961039
      ],
      [
        0.42857142857142855,
        0.12857142857142856,
        0.11428571428571428,
        0.21428571428571427,
        0.11428571428571428
      ],
      [
        0.44705882352941173,
        0.12941176470588237,
        0.11764705882352941,
        0.18823529411764706,
        0.11764705882352941
      ],
      [
        0.4307692307692308,
        0.12307692307692308,
        0.12307692307692308,
        0.18461538461538463,
        0.13846153846153847
      ],
      [
        0.4027777777777778,
        0.1388888888888889,
        0.1111111111111111,
        0.20833333333333334,
        0.1388888888888889
      ],
      [
        0.35576923076923084,
        0.14423076923076925,
        0.13461538461538464,
        0.22115384615384617,
        0.14423076923076925
      ],
      [
        0.3829787234042553,
        0.1276595744680851,
        0.1276595744680851,
        0.2127659574468085,
        0.14893617021276595
      ],
      [
        0.35353535353535354,
        0.1414141414141414,
        0.12121212121212122,
        0.20202020202020202,
        0.18181818181818182
      ],
      [
        0.3206106870229008,
        0.1450381679389313,
        0.12213740458015268,
        0.15267175572519084,
        0.2595419847328244
      ],
      [
        0.27611940298507465,
        0.12686567164179105,
        0.1044776119402985,
        0.14925373134328357,
        0.34328358208955223
      ],
      [
        0.25161290322580643,
        0.13548387096774195,
        0.11612903225806452,
        0.18064516129032257,
        0.3161290322580645
      ],
      [
        0.23696682464454974,
        0.15165876777251186,
        0.10900473933649288,
        0.16587677725118483,
        0.33649289099526064
      ],
      [
        0.2236024844720497,
        0.16149068322981366,
        0.09937888198757763,
        0.17391304347826086,
        0.3416149068322981
      ],
      [
        0.20930232558139536,
        0.1686046511627907,
        0.09302325581395349,
        0.16279069767441862,
        0.36627906976744184
      ],
      [
        0.1851851851851852,
        0.13390313390313394,
        0.1452991452991453,
        0.19088319088319092,
        0.3447293447293448
      ],
      [
        0.1870967741935484,
        0.14516129032258066,
        0.13225806451612904,
        0.19032258064516128,
        0.34516129032258064
      ],
      [
        0.13641133263378805,
        0.10703043022035677,
        0.14795383001049317,
        0.2938090241343127,
        0.3147953830010493
      ],
      [
        0.1301460823373174,
        0.09561752988047809,
        0.17397078353253653,
        0.34130146082337315,
        0.2589641434262948
      ],
      [
        0.10785619174434088,
        0.09054593874833555,
        0.1744340878828229,
        0.34753661784287615,
        0.2796271637816245
      ],
      [
        0.0997854077253219,
        0.09871244635193134,
        0.17060085836909875,
        0.3669527896995709,
        0.2639484978540773
      ],
      [
        0.1201923076923077,
        0.11378205128205128,
        0.15064102564102563,
        0.32211538461538464,
        0.2932692307692308
      ],
      [
        0.1133428981348637,
        0.11764705882352941,
        0.14347202295552366,
        0.29555236728837875,
        0.3299856527977044
      ],
      [
        0.09582863585118377,
        0.12288613303269448,
        0.13528748590755355,
        0.26832018038331457,
        0.37767756482525366
      ],
      [
        0.09130434782608696,
        0.13478260869565217,
        0.1391304347826087,
        0.2391304347826087,
        0.39565217391304347
      ]
    ],
    "jsd": [
      0.04255898384153563,
      0.0,
      0.02160151954541068,
      0.10663549764068479,
      0.0335534403685007,
      0.0335534403685007,
      0.00012804679687177314,
      0.042558983841535544,
      0.012855726913365735,
      0.07615094704722931,
      0.12846724100518692,
      0.0007942898827504373,
      0.005540140461613576,
      0.0015191206634898383,
      0.0015024473581085893,
      0.0028294499766333683,
      0.0009236076810181695,
      0.0011688988554267648,
      0.0011636534186819513,
      0.005078444078462937,
      0.00035759688613306196,
      0.00014851692577683877,
      0.0008598407247893888,
      0.002859106201130047,
      0.0025899235376225464,
      0.001981888619841369,
      0.00029602823950751456,
      0.0003440616665584756,
      0.0005444107604363166,
      0.0005780977474164426,
      0.0009849776898804576,
      0.0014377750394755505,
      0.0006087970587550717,
      0.0014001560962841617,
      0.005576264912666523,
      0.004405677624382563,
      0.0015368376794461487,
      0.0007103346061047636,
      0.00034254121650536314,
      0.0005156897050450854,
      0.0049780671224307245,
      0.00026954485328379196,
      0.009582819932307205,
      0.002972853894269451,
      0.0007696921769395938,
      0.0004222127921471091,
      0.0021673957288772935,
      0.0009367947528531994,
      0.0015887313976098005,
      0.0007026192722422928
    ]
  }
}